0.002	4.90391E-06
0.004	1.26858E-05
0.006	2.04678E-05
0.008	2.82497E-05
0.01	3.60316E-05
0.012	4.38135E-05
0.014	5.15955E-05
0.016	5.93774E-05
0.018	6.80284E-05
0.02	7.58103E-05
0.022	8.35922E-05
0.024	9.13742E-05
0.026	9.91561E-05
0.028	0.000106938
0.03	0.000113857
0.032	0.000121638
0.034	0.000128557
0.036	0.000134606
0.038	0.000141525
0.04	0.000146711
0.042	0.000152766
0.044	0.000157952
0.046	0.000163144
0.048	0.000167467
0.05	0.000171789
0.052	0.000175249
0.054	0.000178708
0.056	0.000182167
0.058	0.000184757
0.06	0.000187353
0.062	0.000189949
0.064	0.000191676
0.066	0.000193408
0.068	0.000194272
0.07	0.000195998
0.072	0.000197731
0.074	0.000198594
0.076	0.000198594
0.078	0.000199458
0.08	0.000200321
0.082	0.000200321
0.084	0.00020119
0.086	0.000202054
0.088	0.000202054
0.09	0.000202054
0.092	0.000202054
0.094	0.000202054
0.096	0.000202054
0.098	0.000202054
0.1	0.000202054
0.102	0.00020119
0.104	0.00020119
0.106	0.000200321
0.108	0.000200321
0.11	0.000200321
0.112	0.000199458
0.114	0.000199458
0.116	0.000198594
0.118	0.000198594
0.12	0.000197731
0.122	0.000196862
0.124	0.000196862
0.126	0.000195998
0.128	0.000195998
0.13	0.000195135
0.132	0.000194272
0.134	0.000194272
0.136	0.000193408
0.138	0.000192539
0.14	0.000192539
0.142	0.000191676
0.144	0.000190812
0.146	0.000189949
0.148	0.000189949
0.15	0.00018908
0.152	0.000188217
0.154	0.000187353
0.156	0.000187353
0.158	0.00018649
0.16	0.000185626
0.162	0.000184757
0.164	0.000183894
0.166	0.000183894
0.168	0.00018303
0.17	0.000182167
0.172	0.000181298
0.174	0.000180435
0.176	0.000180435
0.178	0.000179571
0.18	0.000178708
0.182	0.000177839
0.184	0.000177839
0.186	0.000176975
0.188	0.000176112
0.19	0.000175249
0.192	0.000175249
0.194	0.000174385
0.196	0.000173516
0.198	0.000172653
0.2	0.000171789
0.202	0.000170926
0.204	0.000170057
0.206	0.000170057
0.208	0.000169193
0.21	0.00016833
0.212	0.000167467
0.214	0.000167467
0.216	0.000166603
0.218	0.000165734
0.22	0.000164871
0.222	0.000164007
0.224	0.000163144
0.226	0.000163144
0.228	0.000162275
0.23	0.000161412
0.232	0.000160548
0.234	0.000160548
0.236	0.000159685
0.238	0.000158816
0.24	0.000158816
0.242	0.000157952
0.244	0.000157089
0.246	0.000156225
0.248	0.000156225
0.25	0.000155362
0.252	0.000154493
0.254	0.00015363
0.256	0.00015363
0.258	0.000152766
0.26	0.000151903
0.262	0.000151034
0.264	0.00015017
0.266	0.000149307
0.268	0.000148444
0.27	0.000148444
0.272	0.00014758
0.274	0.000146711
0.276	0.000146711
0.278	0.000145848
0.28	0.000144984
0.282	0.000144121
0.284	0.000143252
0.286	0.000142388
0.288	0.000142388
0.29	0.000141525
0.292	0.000140662
0.294	0.000139793
0.296	0.000138929
0.298	0.000138066
0.3	0.000138066
0.302	0.000137202
0.304	0.000136339
0.306	0.00013547
0.308	0.000134606
0.31	0.000134606
0.312	0.000133743
0.314	0.00013288
0.316	0.000132011
0.318	0.000132011
0.32	0.000131147
0.322	0.000130284
0.324	0.00012942
0.326	0.000128557
0.328	0.000128557
0.33	0.000127688
0.332	0.000126825
0.334	0.000125961
0.336	0.000125098
0.338	0.000124229
0.34	0.000124229
0.342	0.000122502
0.344	0.000121638
0.346	0.000120769
0.348	0.000120769
0.35	0.000119906
0.352	0.000119043
0.354	0.000118179
0.356	0.000117316
0.358	0.000117316
0.36	0.000116447
0.362	0.000115583
0.364	0.000113857
0.366	0.000113857
0.368	0.000112987
0.37	0.000112124
0.372	0.000111261
0.374	0.000110397
0.376	0.000110397
0.378	0.000109534
0.38	0.000108665
0.382	0.000107801
0.384	0.000106938
0.386	0.000106938
0.388	0.000106075
0.39	0.000105206
0.392	0.000104342
0.394	0.000103479
0.396	0.000102615
0.398	0.000102615
0.4	0.000101746
0.402	0.000100883
0.404	0.000100019
0.406	0.000100019
0.408	9.91561E-05
0.41	9.82927E-05
0.412	9.74236E-05
0.414	9.65602E-05
0.416	9.56968E-05
0.418	9.56968E-05
0.42	9.48334E-05
0.422	9.39644E-05
0.424	9.3101E-05
0.426	9.22376E-05
0.428	9.13742E-05
0.43	9.13742E-05
0.432	9.05108E-05
0.434	8.96417E-05
0.436	8.87783E-05
0.438	8.87783E-05
0.44	8.79149E-05
0.442	8.70515E-05
0.444	8.61824E-05
0.446	8.5319E-05
0.448	8.5319E-05
0.45	8.44556E-05
0.452	8.35922E-05
0.454	8.27232E-05
0.456	8.18598E-05
0.458	8.09964E-05
0.46	8.09964E-05
0.462	8.0133E-05
0.464	7.92696E-05
0.466	7.84005E-05
0.468	7.75371E-05
0.47	7.75371E-05
0.472	7.66737E-05
0.474	7.66737E-05
0.476	7.58103E-05
0.478	7.49413E-05
0.48	7.40779E-05
0.482	7.40779E-05
0.484	7.32144E-05
0.486	7.2351E-05
0.488	7.14876E-05
0.49	7.14876E-05
0.492	7.06186E-05
0.494	6.97552E-05
0.496	6.97552E-05
0.498	6.88918E-05
0.5	6.88918E-05
0.502	6.80284E-05
0.504	6.71593E-05
0.506	6.71593E-05
0.508	6.62959E-05
0.51	6.54325E-05
0.512	6.54325E-05
0.514	6.45691E-05
0.516	6.45691E-05
0.518	6.37001E-05
0.52	6.28367E-05
0.522	6.28367E-05
0.524	6.19733E-05
0.526	6.19733E-05
0.528	6.11099E-05
0.53	6.11099E-05
0.532	6.02465E-05
0.534	5.93774E-05
0.536	5.93774E-05
0.538	5.8514E-05
0.54	5.76506E-05
0.542	5.76506E-05
0.544	5.67872E-05
0.546	5.67872E-05
0.548	5.59181E-05
0.55	5.59181E-05
0.552	5.50547E-05
0.554	5.50547E-05
0.556	5.41913E-05
0.558	5.41913E-05
0.56	5.41913E-05
0.562	5.33279E-05
0.564	5.33279E-05
0.566	5.24589E-05
0.568	5.24589E-05
0.57	5.15955E-05
0.572	5.15955E-05
0.574	5.07321E-05
0.576	5.07321E-05
0.578	5.07321E-05
0.58	4.98687E-05
0.582	4.98687E-05
0.584	4.90053E-05
0.586	4.90053E-05
0.588	4.90053E-05
0.59	4.81362E-05
0.592	4.81362E-05
0.594	4.72728E-05
0.596	4.72728E-05
0.598	4.64094E-05
0.6	4.64094E-05
0.602	4.64094E-05
0.604	4.64094E-05
0.606	4.5546E-05
0.608	4.5546E-05
0.61	4.5546E-05
0.612	4.4677E-05
0.614	4.4677E-05
0.616	4.4677E-05
0.618	4.38135E-05
0.62	4.38135E-05
0.622	4.38135E-05
0.624	4.38135E-05
0.626	4.29501E-05
0.628	4.29501E-05
0.63	4.20867E-05
0.632	4.20867E-05
0.634	4.20867E-05
0.636	4.12233E-05
0.638	4.12233E-05
0.64	4.12233E-05
0.642	4.12233E-05
0.644	4.03543E-05
0.646	4.03543E-05
0.648	4.03543E-05
0.65	4.03543E-05
0.652	3.94909E-05
0.654	3.94909E-05
0.656	3.94909E-05
0.658	3.94909E-05
0.66	3.86275E-05
0.662	3.86275E-05
0.664	3.86275E-05
0.666	3.86275E-05
0.668	3.77641E-05
0.67	3.77641E-05
0.672	3.77641E-05
0.674	3.6895E-05
0.676	3.6895E-05
0.678	3.6895E-05
0.68	3.6895E-05
0.682	3.60316E-05
0.684	3.60316E-05
0.686	3.60316E-05
0.688	3.60316E-05
0.69	3.60316E-05
0.692	3.60316E-05
0.694	3.51682E-05
0.696	3.51682E-05
0.698	3.51682E-05
0.7	3.51682E-05
0.702	3.51682E-05
0.704	3.43048E-05
0.706	3.43048E-05
0.708	3.43048E-05
0.71	3.43048E-05
0.712	3.43048E-05
0.714	3.43048E-05
0.716	3.34358E-05
0.718	3.34358E-05
0.72	3.34358E-05
0.722	3.34358E-05
0.724	3.34358E-05
0.726	3.34358E-05
0.728	3.25724E-05
0.73	3.25724E-05
0.732	3.25724E-05
0.734	3.25724E-05
0.736	3.25724E-05
0.738	3.25724E-05
0.74	3.25724E-05
0.742	3.25724E-05
0.744	3.1709E-05
0.746	3.1709E-05
0.748	3.1709E-05
0.75	3.1709E-05
0.752	3.1709E-05
0.754	3.1709E-05
0.756	3.1709E-05
0.758	3.08456E-05
0.76	3.08456E-05
0.762	3.08456E-05
0.764	3.08456E-05
0.766	3.08456E-05
0.768	3.08456E-05
0.77	3.08456E-05
0.772	3.08456E-05
0.774	3.08456E-05
0.776	2.99821E-05
0.778	2.99821E-05
0.78	2.99821E-05
0.782	2.99821E-05
0.784	2.99821E-05
0.786	2.99821E-05
0.788	2.99821E-05
0.79	2.99821E-05
0.792	2.99821E-05
0.794	2.99821E-05
0.796	2.99821E-05
0.798	2.99821E-05
0.8	2.91131E-05
0.802	2.99821E-05
0.804	2.91131E-05
0.806	2.91131E-05
0.808	2.91131E-05
0.81	2.91131E-05
0.812	2.91131E-05
0.814	2.91131E-05
0.816	2.91131E-05
0.818	2.91131E-05
0.82	2.82497E-05
0.822	2.82497E-05
0.824	2.82497E-05
0.826	2.82497E-05
0.828	2.82497E-05
0.83	2.82497E-05
0.832	2.82497E-05
0.834	2.82497E-05
0.836	2.82497E-05
0.838	2.82497E-05
0.84	2.82497E-05
0.842	2.82497E-05
0.844	2.82497E-05
0.846	2.82497E-05
0.848	2.73863E-05
0.85	2.73863E-05
0.852	2.73863E-05
0.854	2.73863E-05
0.856	2.73863E-05
0.858	2.73863E-05
0.86	2.73863E-05
0.862	2.73863E-05
0.864	2.73863E-05
0.866	2.73863E-05
0.868	2.73863E-05
0.87	2.73863E-05
0.872	2.73863E-05
0.874	2.73863E-05
0.876	2.73863E-05
0.878	2.73863E-05
0.88	2.65229E-05
0.882	2.65229E-05
0.884	2.65229E-05
0.886	2.65229E-05
0.888	2.65229E-05
0.89	2.65229E-05
0.892	2.65229E-05
0.894	2.65229E-05
0.896	2.65229E-05
0.898	2.65229E-05
0.9	2.65229E-05
